84
84
84
84
84
84
84
84
84
84
84
84
84
84
84
84
84
84
84
84
84
84
84
84
84
84
84
84
84
84
84
84
84
84
84
84
84
84
84
84
84
82
80
78
76
74
74
74
72
70
70
70
70
70
70
70
70
70
70
70
70
70
70
70
72
72
72
72
72
72
72
72
72
72
72
74
74
74
76
76
76
76
76
76
76
76
78
78
78
80
78
78
80
80
78
80
80
80
80
80
80
80
78
80
80
78
80
78
80
80
80
80
80
80
80
80
80
82
80
82
82
82
82
82
82
82
82
82
82
82
82
82
82
82
82
82
82
82
82
82
82
82
82
82
82
82
82
82
82
82
82
82
82
82
82
82
82
82
82
82
82
82
82
82
82
82
82
82
82
82
82
82
82
82
82
82
82
82
84
82
84
84
84
82
82
84
84
84
84
84
84
84
84
84
84
84
84
84
84
84
84
84
84
84
84
84
84
86
84
84
86
86
84
84
84
84
84
84
84
84
86
84
84
86
84
86
84
84
84
84
86
84
86
86
84
84
86
84
86
86
86
84
86
86
86
86
86
86
86
86
86
86
86
86
86
86
86
86
86
86
86
86
86
86
86
86
88
86
86
86
86
86
86
86
86
86
86
86
86
86
86
86
86
86
86
86
86
86
86
86
86
86
86
86
86
86
86
86
86
86
86
86
86
86
86
84
84
84
84
86
84
84
84
84
84
84
84
84
84
84
84
84
84
84
84
84
84
84
84
86
86
86
86
